# Made in Blockbench 4.7.2
mtllib fbrawl_acid_gun.mtl

o cube
v -0.1998648913348703 0.08915166751774983 -0.0625
v -0.19986489133487034 0.0891516675177495 0.0625
v -0.01166012315718401 -0.17963259701457612 -0.06250000000000078
v -0.011660123157184066 -0.17963259701457646 0.06249999999999922
v -0.09747088579874619 0.16084872206162992 0.06250000000000022
v -0.09747088579874608 0.16084872206163037 -0.06249999999999972
v 0.09073388237894009 -0.10793554247069603 0.062499999999999445
v 0.0907338823789402 -0.10793554247069559 -0.0625000000000005
vt 0 1
vt 0.125 1
vt 0.125 0.65625
vt 0 0.65625
vt 0.125 1
vt 0.25 1
vt 0.25 0.65625
vt 0.125 0.65625
vt 0.25 1
vt 0.375 1
vt 0.375 0.65625
vt 0.25 0.65625
vt 0 0.625
vt 0.125 0.625
vt 0.125 0.28125
vt 0 0.28125
vt 0.5 0.6875
vt 0.375 0.6875
vt 0.375 0.8125
vt 0.5 0.8125
vt 0.4375 0.625
vt 0.3125 0.625
vt 0.3125 0.5
vt 0.4375 0.5
vn -2.8087812732505775e-16 -3.056838863972491e-15 1
vn -0.8191520442889935 -0.5735764363510438 -1.9834126342910996e-15
vn 2.8087812732505775e-16 3.056838863972491e-15 -1
vn 0.8191520442889935 0.5735764363510438 1.9834126342910996e-15
vn -0.5735764363510438 0.8191520442889935 2.342910729165049e-15
vn 0.5735764363510438 -0.8191520442889935 -2.342910729165049e-15
usemtl m_5720eadf-b099-158d-2dc3-f28702e56177
f 4/4/1 7/3/1 5/2/1 2/1/1
f 3/8/2 4/7/2 2/6/2 1/5/2
f 8/12/3 3/11/3 1/10/3 6/9/3
f 7/16/4 8/15/4 6/14/4 5/13/4
f 6/20/5 1/19/5 2/18/5 5/17/5
f 7/24/6 4/23/6 3/22/6 8/21/6
o cube
v -0.21395203609680996 0.1365115514117814 -0.031249999999999833
v -0.21395203609680996 0.13651155141178117 0.03125000000000011
v -0.1870656406428548 0.09811379933573483 -0.031249999999999944
v -0.1870656406428548 0.09811379933573461 0.03125
v -0.1371565319447169 0.1902843423196916 0.03125000000000033
v -0.13715653194471683 0.19028434231969182 -0.031249999999999667
v -0.11027013649076167 0.15188659024364504 0.03125000000000022
v -0.11027013649076167 0.15188659024364526 -0.031249999999999778
vt 0.375 0.6875
vt 0.46875 0.6875
vt 0.46875 0.625
vt 0.375 0.625
vt 0.25 0.375
vt 0.3125 0.375
vt 0.3125 0.3125
vt 0.25 0.3125
vt 0.4375 0.625
vt 0.53125 0.625
vt 0.53125 0.5625
vt 0.4375 0.5625
vt 0.625 0.5
vt 0.6875 0.5
vt 0.6875 0.4375
vt 0.625 0.4375
vt 0.53125 0.5
vt 0.4375 0.5
vt 0.4375 0.5625
vt 0.53125 0.5625
vt 0.59375 0.8125
vt 0.5 0.8125
vt 0.5 0.75
vt 0.59375 0.75
vn -2.8087812732505775e-16 -3.056838863972491e-15 1
vn -0.8191520442889935 -0.5735764363510438 -1.9834126342910996e-15
vn 2.8087812732505775e-16 3.056838863972491e-15 -1
vn 0.8191520442889935 0.5735764363510438 1.9834126342910996e-15
vn -0.5735764363510438 0.8191520442889935 2.342910729165049e-15
vn 0.5735764363510438 -0.8191520442889935 -2.342910729165049e-15
usemtl m_5720eadf-b099-158d-2dc3-f28702e56177
f 12/28/7 15/27/7 13/26/7 10/25/7
f 11/32/8 12/31/8 10/30/8 9/29/8
f 16/36/9 11/35/9 9/34/9 14/33/9
f 15/40/10 16/39/10 14/38/10 13/37/10
f 14/44/11 9/43/11 10/42/11 13/41/11
f 15/48/12 12/47/12 11/46/12 16/45/12
o cube
v -0.21907704904076458 0.17107218461379747 -0.015624999999999722
v -0.21907704904076458 0.17107218461379736 0.015625000000000222
v -0.20115278540479448 0.1454736832297664 -0.015624999999999833
v -0.20115278540479448 0.14547368322976628 0.015625000000000222
v -0.16788004627270248 0.20692071188573757 0.015625000000000333
v -0.16788004627270248 0.20692071188573768 -0.015624999999999611
v -0.14995578263673237 0.1813222105017065 0.015625000000000333
v -0.14995578263673237 0.18132221050170672 -0.015624999999999667
vt 0.6875 0.6875
vt 0.75 0.6875
vt 0.75 0.65625
vt 0.6875 0.65625
vt 0.8125 1
vt 0.84375 1
vt 0.84375 0.96875
vt 0.8125 0.96875
vt 0.5625 0.3125
vt 0.625 0.3125
vt 0.625 0.28125
vt 0.5625 0.28125
vt 0.0625 0.1875
vt 0.09375 0.1875
vt 0.09375 0.15625
vt 0.0625 0.15625
vt 0.6875 0.28125
vt 0.625 0.28125
vt 0.625 0.3125
vt 0.6875 0.3125
vt 0.75 0.375
vt 0.6875 0.375
vt 0.6875 0.34375
vt 0.75 0.34375
vn -2.8087812732505775e-16 -3.056838863972491e-15 1
vn -0.8191520442889935 -0.5735764363510438 -1.9834126342910996e-15
vn 2.8087812732505775e-16 3.056838863972491e-15 -1
vn 0.8191520442889935 0.5735764363510438 1.9834126342910996e-15
vn -0.5735764363510438 0.8191520442889935 2.342910729165049e-15
vn 0.5735764363510438 -0.8191520442889935 -2.342910729165049e-15
usemtl m_5720eadf-b099-158d-2dc3-f28702e56177
f 20/52/13 23/51/13 21/50/13 18/49/13
f 19/56/14 20/55/14 18/54/14 17/53/14
f 24/60/15 19/59/15 17/58/15 22/57/15
f 23/64/16 24/63/16 22/62/16 21/61/16
f 22/68/17 17/67/17 18/66/17 21/65/17
f 23/72/18 20/71/18 19/70/18 24/69/18
o cube
v -0.23316419380270426 0.21843206850782915 -0.015624999999999611
v -0.23316419380270426 0.21843206850782892 0.015625000000000444
v -0.20627779834874904 0.18003431643178258 -0.015624999999999722
v -0.20627779834874904 0.18003431643178236 0.015625000000000333
v -0.20756569241867318 0.23635633214379914 0.015625000000000444
v -0.20756569241867318 0.23635633214379925 -0.015624999999999556
v -0.18067929696471802 0.19795858006775258 0.015625000000000333
v -0.18067929696471802 0.1979585800677527 -0.015624999999999667
vt 0.6875 0.3125
vt 0.71875 0.3125
vt 0.71875 0.25
vt 0.6875 0.25
vt 0 0.25
vt 0.03125 0.25
vt 0.03125 0.1875
vt 0 0.1875
vt 0.75 1
vt 0.78125 1
vt 0.78125 0.9375
vt 0.75 0.9375
vt 0.0625 0.25
vt 0.09375 0.25
vt 0.09375 0.1875
vt 0.0625 0.1875
vt 0.84375 0.90625
vt 0.8125 0.90625
vt 0.8125 0.9375
vt 0.84375 0.9375
vt 0.15625 0.1875
vt 0.125 0.1875
vt 0.125 0.15625
vt 0.15625 0.15625
vn -2.8087812732505775e-16 -3.056838863972491e-15 1
vn -0.8191520442889935 -0.5735764363510438 -1.9834126342910996e-15
vn 2.8087812732505775e-16 3.056838863972491e-15 -1
vn 0.8191520442889935 0.5735764363510438 1.9834126342910996e-15
vn -0.5735764363510438 0.8191520442889935 2.342910729165049e-15
vn 0.5735764363510438 -0.8191520442889935 -2.342910729165049e-15
usemtl m_5720eadf-b099-158d-2dc3-f28702e56177
f 28/76/19 31/75/19 29/74/19 26/73/19
f 27/80/20 28/79/20 26/78/20 25/77/20
f 32/84/21 27/83/21 25/82/21 30/81/21
f 31/88/22 32/87/22 30/86/22 29/85/22
f 30/92/23 25/91/23 26/90/23 29/89/23
f 31/96/24 28/95/24 27/94/24 32/93/24
o cube
v -0.2549255763127048 0.22226918738185963 -0.03124999999999961
v -0.2549255763127048 0.2222691873818594 0.031250000000000444
v -0.24596344449471974 0.20946993668984404 -0.03124999999999961
v -0.24596344449471974 0.20946993668984393 0.03125000000000033
v -0.20372857354464274 0.2581177146537996 0.031250000000000555
v -0.20372857354464274 0.25811771465379985 -0.031249999999999445
v -0.1947664417266577 0.24531846396178414 0.031250000000000444
v -0.1947664417266577 0.24531846396178425 -0.0312499999999995
vt 0.75 0.9375
vt 0.8125 0.9375
vt 0.8125 0.90625
vt 0.75 0.90625
vt 0.75 0.875
vt 0.8125 0.875
vt 0.8125 0.84375
vt 0.75 0.84375
vt 0.75 0.8125
vt 0.8125 0.8125
vt 0.8125 0.78125
vt 0.75 0.78125
vt 0.75 0.75
vt 0.8125 0.75
vt 0.8125 0.71875
vt 0.75 0.71875
vt 0.6875 0.375
vt 0.625 0.375
vt 0.625 0.4375
vt 0.6875 0.4375
vt 0.6875 0.375
vt 0.625 0.375
vt 0.625 0.3125
vt 0.6875 0.3125
vn -2.8087812732505775e-16 -3.056838863972491e-15 1
vn -0.8191520442889935 -0.5735764363510438 -1.9834126342910996e-15
vn 2.8087812732505775e-16 3.056838863972491e-15 -1
vn 0.8191520442889935 0.5735764363510438 1.9834126342910996e-15
vn -0.5735764363510438 0.8191520442889935 2.342910729165049e-15
vn 0.5735764363510438 -0.8191520442889935 -2.342910729165049e-15
usemtl m_5720eadf-b099-158d-2dc3-f28702e56177
f 36/100/25 39/99/25 37/98/25 34/97/25
f 35/104/26 36/103/26 34/102/26 33/101/26
f 40/108/27 35/107/27 33/106/27 38/105/27
f 39/112/28 40/111/28 38/110/28 37/109/28
f 38/116/29 33/115/29 34/114/29 37/113/29
f 39/120/30 36/119/30 35/118/30 40/117/30
o cube
v -0.11331066988850247 0.2565386543891225 -0.015624999999999722
v -0.11331066988850258 0.2565386543891224 0.015625000000000222
v -0.15516667030343378 0.15548933052070024 -0.015625
v -0.15516667030343378 0.15548933052070024 0.015625
v -0.09887505219301368 0.25055922575841794 0.015625000000000333
v -0.09887505219301362 0.25055922575841794 -0.015624999999999722
v -0.14073105260794494 0.1495099018899957 0.015625
v -0.14073105260794488 0.1495099018899958 -0.015624999999999944
vt 0.6875 1
vt 0.71875 1
vt 0.71875 0.875
vt 0.6875 0.875
vt 0.6875 0.8125
vt 0.71875 0.8125
vt 0.71875 0.6875
vt 0.6875 0.6875
vt 0.25 0.3125
vt 0.28125 0.3125
vt 0.28125 0.1875
vt 0.25 0.1875
vt 0.3125 0.3125
vt 0.34375 0.3125
vt 0.34375 0.1875
vt 0.3125 0.1875
vt 0.84375 0.84375
vt 0.8125 0.84375
vt 0.8125 0.875
vt 0.84375 0.875
vt 0.21875 0.1875
vt 0.1875 0.1875
vt 0.1875 0.15625
vt 0.21875 0.15625
vn -1.3858160963089427e-15 -1.9619244771835127e-15 1
vn -0.9238795325112884 0.3826834323650858 -5.295311342348618e-16
vn 1.3858160963089427e-15 1.9619244771835127e-15 -1
vn 0.9238795325112884 -0.3826834323650858 5.295311342348618e-16
vn 0.3826834323650858 0.9238795325112885 2.3429107291650482e-15
vn -0.3826834323650858 -0.9238795325112885 -2.3429107291650482e-15
usemtl m_5720eadf-b099-158d-2dc3-f28702e56177
f 44/124/31 47/123/31 45/122/31 42/121/31
f 43/128/32 44/127/32 42/126/32 41/125/32
f 48/132/33 43/131/33 41/130/33 46/129/33
f 47/136/34 48/135/34 46/134/34 45/133/34
f 46/140/35 41/139/35 42/138/35 45/137/35
f 47/144/36 44/143/36 43/142/36 48/141/36
o cube
v -0.06874177492714345 0.2594590955555238 -0.01562500000000011
v -0.06874177492714373 0.2594590955555238 0.015624999999999889
v -0.11557216031379297 0.257414436772773 -0.015625000000000444
v -0.11557216031379319 0.257414436772773 0.015624999999999556
v -0.06806022199956008 0.24384896709330728 0.015624999999999889
v -0.06806022199955986 0.24384896709330728 -0.01562500000000011
v -0.1148906073862096 0.24180430831055644 0.015624999999999556
v -0.11489060738620938 0.24180430831055644 -0.015625000000000444
vt 0.8125 0.8125
vt 0.84375 0.8125
vt 0.84375 0.78125
vt 0.8125 0.78125
vt 0.25 0.1875
vt 0.28125 0.1875
vt 0.28125 0.15625
vt 0.25 0.15625
vt 0.8125 0.75
vt 0.84375 0.75
vt 0.84375 0.71875
vt 0.8125 0.71875
vt 0.3125 0.1875
vt 0.34375 0.1875
vt 0.34375 0.15625
vt 0.3125 0.15625
vt 0.84375 0.65625
vt 0.8125 0.65625
vt 0.8125 0.6875
vt 0.84375 0.6875
vt 0.40625 0.1875
vt 0.375 0.1875
vt 0.375 0.15625
vt 0.40625 0.15625
vn -7.670191433630307e-15 -2.0839670050633325e-16 1
vn -0.043619387365351314 0.9990482215818572 -1.263706982855405e-16
vn 7.670191433630307e-15 2.0839670050633325e-16 -1
vn 0.043619387365351314 -0.9990482215818572 1.263706982855405e-16
vn 0.9990482215818572 0.043619387365351425 7.671981247365803e-15
vn -0.9990482215818572 -0.043619387365351425 -7.671981247365803e-15
usemtl m_5720eadf-b099-158d-2dc3-f28702e56177
f 52/148/37 55/147/37 53/146/37 50/145/37
f 51/152/38 52/151/38 50/150/38 49/149/38
f 56/156/39 51/155/39 49/154/39 54/153/39
f 55/160/40 56/159/40 54/158/40 53/157/40
f 54/164/41 49/163/41 50/162/41 53/161/41
f 55/168/42 52/167/42 51/166/42 56/165/42
o cube
v 0.03910005859925336 0.379638764724875 -0.015625
v 0.039100058599253584 0.379638764724875 0.015625
v -0.08243391941718414 0.25810478670843684 -0.015624999999999611
v -0.08243391941718403 0.25810478670843673 0.015625000000000444
v 0.05014860205529337 0.3685902212688352 0.015624999999999889
v 0.05014860205529326 0.3685902212688352 -0.015625000000000056
v -0.07138537596114419 0.24705624325239706 0.015625000000000333
v -0.07138537596114436 0.24705624325239706 -0.015624999999999667
vt 0.3125 0.5
vt 0.34375 0.5
vt 0.34375 0.3125
vt 0.3125 0.3125
vt 0.375 0.5
vt 0.40625 0.5
vt 0.40625 0.3125
vt 0.375 0.3125
vt 0.4375 0.5
vt 0.46875 0.5
vt 0.46875 0.3125
vt 0.4375 0.3125
vt 0.5 0.5
vt 0.53125 0.5
vt 0.53125 0.3125
vt 0.5 0.3125
vt 0.84375 0.59375
vt 0.8125 0.59375
vt 0.8125 0.625
vt 0.84375 0.625
vt 0.46875 0.1875
vt 0.4375 0.1875
vt 0.4375 0.15625
vt 0.46875 0.15625
vn 4.624957159804931e-15 -1.3115810311902666e-15 1
vn -0.7071067811865495 0.7071067811865457 4.197766411625631e-15
vn -4.624957159804931e-15 1.3115810311902666e-15 -1
vn 0.7071067811865495 -0.7071067811865457 -4.197766411625631e-15
vn 0.7071067811865457 0.7071067811865495 -2.342910729165049e-15
vn -0.7071067811865457 -0.7071067811865495 2.342910729165049e-15
usemtl m_5720eadf-b099-158d-2dc3-f28702e56177
f 60/172/43 63/171/43 61/170/43 58/169/43
f 59/176/44 60/175/44 58/174/44 57/173/44
f 64/180/45 59/179/45 57/178/45 62/177/45
f 63/184/46 64/183/46 62/182/46 61/181/46
f 62/188/47 57/187/47 58/186/47 61/185/47
f 63/192/48 60/191/48 59/190/48 64/189/48
o cube
v -0.18577774657293067 0.04179178362371816 -0.04687500000000011
v -0.18577774657293067 0.04179178362371794 0.04687499999999989
v -0.15889135111897545 0.0033940315476715943 -0.04687500000000022
v -0.15889135111897545 0.0033940315476713723 0.04687499999999978
v -0.17297849588091518 0.050753915441702935 0.04687499999999989
v -0.17297849588091513 0.05075391544170327 -0.04687500000000011
v -0.14609210042695997 0.01235616336565637 0.04687499999999978
v -0.14609210042695997 0.012356163365656703 -0.04687500000000022
vt 0.75 0.6875
vt 0.78125 0.6875
vt 0.78125 0.625
vt 0.75 0.625
vt 0.5 0.75
vt 0.59375 0.75
vt 0.59375 0.6875
vt 0.5 0.6875
vt 0.75 0.625
vt 0.78125 0.625
vt 0.78125 0.5625
vt 0.75 0.5625
vt 0.5 0.6875
vt 0.59375 0.6875
vt 0.59375 0.625
vt 0.5 0.625
vt 0.40625 0.21875
vt 0.375 0.21875
vt 0.375 0.3125
vt 0.40625 0.3125
vt 0.46875 0.3125
vt 0.4375 0.3125
vt 0.4375 0.21875
vt 0.46875 0.21875
vn -2.8087812732505775e-16 -3.056838863972491e-15 1
vn -0.8191520442889935 -0.5735764363510438 -1.9834126342910996e-15
vn 2.8087812732505775e-16 3.056838863972491e-15 -1
vn 0.8191520442889935 0.5735764363510438 1.9834126342910996e-15
vn -0.5735764363510438 0.8191520442889935 2.342910729165049e-15
vn 0.5735764363510438 -0.8191520442889935 -2.342910729165049e-15
usemtl m_5720eadf-b099-158d-2dc3-f28702e56177
f 68/196/49 71/195/49 69/194/49 66/193/49
f 67/200/50 68/199/50 66/198/50 65/197/50
f 72/204/51 67/203/51 65/202/51 70/201/51
f 71/208/52 72/207/52 70/206/52 69/205/52
f 70/212/53 65/211/53 66/210/53 69/209/53
f 71/216/54 68/215/54 67/214/54 72/213/54
o cube
v -0.08719429657509498 -0.09899997398845256 -0.046875000000000555
v -0.08719429657509503 -0.09899997398845284 0.046874999999999445
v -0.06030790112113982 -0.13739772606449907 -0.046875000000000666
v -0.06030790112113982 -0.1373977260644994 0.046874999999999334
v -0.07439504588307949 -0.09003784217046779 0.046874999999999556
v -0.07439504588307944 -0.09003784217046751 -0.0468750000000005
v -0.04750865042912433 -0.1284355942465143 0.046874999999999445
v -0.04750865042912428 -0.12843559424651407 -0.04687500000000061
vt 0.75 0.5625
vt 0.78125 0.5625
vt 0.78125 0.5
vt 0.75 0.5
vt 0.5625 1
vt 0.65625 1
vt 0.65625 0.9375
vt 0.5625 0.9375
vt 0.75 0.5
vt 0.78125 0.5
vt 0.78125 0.4375
vt 0.75 0.4375
vt 0.5625 0.9375
vt 0.65625 0.9375
vt 0.65625 0.875
vt 0.5625 0.875
vt 0.53125 0.21875
vt 0.5 0.21875
vt 0.5 0.3125
vt 0.53125 0.3125
vt 0.71875 0.5
vt 0.6875 0.5
vt 0.6875 0.40625
vt 0.71875 0.40625
vn -2.8087812732505775e-16 -3.056838863972491e-15 1
vn -0.8191520442889935 -0.5735764363510438 -1.9834126342910996e-15
vn 2.8087812732505775e-16 3.056838863972491e-15 -1
vn 0.8191520442889935 0.5735764363510438 1.9834126342910996e-15
vn -0.5735764363510438 0.8191520442889935 2.342910729165049e-15
vn 0.5735764363510438 -0.8191520442889935 -2.342910729165049e-15
usemtl m_5720eadf-b099-158d-2dc3-f28702e56177
f 76/220/55 79/219/55 77/218/55 74/217/55
f 75/224/56 76/223/56 74/222/56 73/221/56
f 80/228/57 75/227/57 73/226/57 78/225/57
f 79/232/58 80/231/58 78/230/58 77/229/58
f 78/236/59 73/235/59 74/234/59 77/233/59
f 79/240/60 76/239/60 75/238/60 80/237/60
o cube
v -0.21521336683099218 0.0021061374777473496 -0.015625000000000278
v -0.21521336683099218 0.0021061374777473496 0.015624999999999778
v -0.20625123501300707 -0.010693113214268135 -0.015625000000000278
v -0.20625123501300707 -0.01069311321426819 0.015624999999999667
v -0.17681561475494562 0.028992532931702453 0.015624999999999889
v -0.17681561475494562 0.028992532931702564 -0.015625000000000167
v -0.16785348293696056 0.016193282239686968 0.015624999999999778
v -0.16785348293696056 0.01619328223968708 -0.015625000000000222
vt 0.5625 0.25
vt 0.625 0.25
vt 0.625 0.21875
vt 0.5625 0.21875
vt 0.8125 0.5625
vt 0.84375 0.5625
vt 0.84375 0.53125
vt 0.8125 0.53125
vt 0.75 0.4375
vt 0.8125 0.4375
vt 0.8125 0.40625
vt 0.75 0.40625
vt 0.5 0.1875
vt 0.53125 0.1875
vt 0.53125 0.15625
vt 0.5 0.15625
vt 0.6875 0.21875
vt 0.625 0.21875
vt 0.625 0.25
vt 0.6875 0.25
vt 0.8125 0.375
vt 0.75 0.375
vt 0.75 0.34375
vt 0.8125 0.34375
vn -2.8087812732505775e-16 -3.056838863972491e-15 1
vn -0.8191520442889935 -0.5735764363510438 -1.9834126342910996e-15
vn 2.8087812732505775e-16 3.056838863972491e-15 -1
vn 0.8191520442889935 0.5735764363510438 1.9834126342910996e-15
vn -0.5735764363510438 0.8191520442889935 2.342910729165049e-15
vn 0.5735764363510438 -0.8191520442889935 -2.342910729165049e-15
usemtl m_5720eadf-b099-158d-2dc3-f28702e56177
f 84/244/61 87/243/61 85/242/61 82/241/61
f 83/248/62 84/247/62 82/246/62 81/245/62
f 88/252/63 83/251/63 81/250/63 86/249/63
f 87/256/64 88/255/64 86/254/64 85/253/64
f 86/260/65 81/259/65 82/258/65 85/257/65
f 87/264/66 84/263/66 83/262/66 88/261/66
o cube
v -0.11662991683315649 -0.13868562013442332 -0.015625000000000666
v -0.11662991683315649 -0.13868562013442343 0.015624999999999334
v -0.10766778501517144 -0.15148487082643886 -0.015625000000000666
v -0.10766778501517144 -0.15148487082643897 0.015624999999999334
v -0.07823216475710992 -0.11179922468046827 0.015624999999999445
v -0.07823216475710992 -0.11179922468046816 -0.015625000000000555
v -0.06927003293912487 -0.12459847537248381 0.015624999999999445
v -0.06927003293912487 -0.1245984753724837 -0.01562500000000061
vt 0.6875 0.25
vt 0.75 0.25
vt 0.75 0.21875
vt 0.6875 0.21875
vt 0.8125 0.5
vt 0.84375 0.5
vt 0.84375 0.46875
vt 0.8125 0.46875
vt 0.75 0.3125
vt 0.8125 0.3125
vt 0.8125 0.28125
vt 0.75 0.28125
vt 0.5625 0.1875
vt 0.59375 0.1875
vt 0.59375 0.15625
vt 0.5625 0.15625
vt 0.8125 0.21875
vt 0.75 0.21875
vt 0.75 0.25
vt 0.8125 0.25
vt 0.0625 0.1875
vt 0 0.1875
vt 0 0.15625
vt 0.0625 0.15625
vn -2.8087812732505775e-16 -3.056838863972491e-15 1
vn -0.8191520442889935 -0.5735764363510438 -1.9834126342910996e-15
vn 2.8087812732505775e-16 3.056838863972491e-15 -1
vn 0.8191520442889935 0.5735764363510438 1.9834126342910996e-15
vn -0.5735764363510438 0.8191520442889935 2.342910729165049e-15
vn 0.5735764363510438 -0.8191520442889935 -2.342910729165049e-15
usemtl m_5720eadf-b099-158d-2dc3-f28702e56177
f 92/268/67 95/267/67 93/266/67 90/265/67
f 91/272/68 92/271/68 90/270/68 89/269/68
f 96/276/69 91/275/69 89/274/69 94/273/69
f 95/280/70 96/279/70 94/278/70 93/277/70
f 94/284/71 89/283/71 90/282/71 93/281/71
f 95/288/72 92/287/72 91/286/72 96/285/72
o cube
v -0.20625123501300707 -0.010693113214268135 -0.015625000000000278
v -0.20625123501300707 -0.01069311321426819 0.015624999999999667
v -0.11662991683315649 -0.13868562013442332 -0.015625000000000666
v -0.11662991683315649 -0.13868562013442343 0.015624999999999334
v -0.1934519843209916 -0.0017309813962831377 0.015624999999999778
v -0.1934519843209916 -0.0017309813962830822 -0.015625000000000278
v -0.103830666141141 -0.12972348831643837 0.015624999999999334
v -0.103830666141141 -0.12972348831643826 -0.01562500000000061
vt 0.5625 0.5
vt 0.59375 0.5
vt 0.59375 0.34375
vt 0.5625 0.34375
vt 0.125 0.375
vt 0.15625 0.375
vt 0.15625 0.21875
vt 0.125 0.21875
vt 0.1875 0.375
vt 0.21875 0.375
vt 0.21875 0.21875
vt 0.1875 0.21875
vt 0.625 0.8125
vt 0.65625 0.8125
vt 0.65625 0.65625
vt 0.625 0.65625
vt 0.84375 0.40625
vt 0.8125 0.40625
vt 0.8125 0.4375
vt 0.84375 0.4375
vt 0.65625 0.1875
vt 0.625 0.1875
vt 0.625 0.15625
vt 0.65625 0.15625
vn -2.8087812732505775e-16 -3.056838863972491e-15 1
vn -0.8191520442889935 -0.5735764363510438 -1.9834126342910996e-15
vn 2.8087812732505775e-16 3.056838863972491e-15 -1
vn 0.8191520442889935 0.5735764363510438 1.9834126342910996e-15
vn -0.5735764363510438 0.8191520442889935 2.342910729165049e-15
vn 0.5735764363510438 -0.8191520442889935 -2.342910729165049e-15
usemtl m_5720eadf-b099-158d-2dc3-f28702e56177
f 100/292/73 103/291/73 101/290/73 98/289/73
f 99/296/74 100/295/74 98/294/74 97/293/74
f 104/300/75 99/299/75 97/298/75 102/297/75
f 103/304/76 104/303/76 102/302/76 101/301/76
f 102/308/77 97/307/77 98/306/77 101/305/77
f 103/312/78 100/311/78 99/310/78 104/309/78
o cube
v -0.02445937384919955 -0.18859472883256112 -0.07812500000000078
v -0.024459373849199606 -0.18859472883256156 0.07812499999999922
v -0.015497242031214498 -0.20139397952457666 -0.07812500000000083
v -0.015497242031214553 -0.2013939795245771 0.07812499999999922
v 0.10353313307095557 -0.09897341065271104 0.07812499999999956
v 0.10353313307095569 -0.09897341065271048 -0.07812500000000044
v 0.11249526488894068 -0.11177266134472652 0.07812499999999944
v 0.11249526488894068 -0.11177266134472602 -0.0781250000000005
vt 0.125 0.4375
vt 0.28125 0.4375
vt 0.28125 0.40625
vt 0.125 0.40625
vt 0.5625 0.875
vt 0.71875 0.875
vt 0.71875 0.84375
vt 0.5625 0.84375
vt 0.5625 0.625
vt 0.71875 0.625
vt 0.71875 0.59375
vt 0.5625 0.59375
vt 0.5625 0.5625
vt 0.71875 0.5625
vt 0.71875 0.53125
vt 0.5625 0.53125
vt 0.53125 0.84375
vt 0.375 0.84375
vt 0.375 1
vt 0.53125 1
vt 0.28125 0.625
vt 0.125 0.625
vt 0.125 0.46875
vt 0.28125 0.46875
vn -2.8087812732505775e-16 -3.056838863972491e-15 1
vn -0.8191520442889935 -0.5735764363510438 -1.9834126342910996e-15
vn 2.8087812732505775e-16 3.056838863972491e-15 -1
vn 0.8191520442889935 0.5735764363510438 1.9834126342910996e-15
vn -0.5735764363510438 0.8191520442889935 2.342910729165049e-15
vn 0.5735764363510438 -0.8191520442889935 -2.342910729165049e-15
usemtl m_5720eadf-b099-158d-2dc3-f28702e56177
f 108/316/79 111/315/79 109/314/79 106/313/79
f 107/320/80 108/319/80 106/318/80 105/317/80
f 112/324/81 107/323/81 105/322/81 110/321/81
f 111/328/82 112/327/82 110/326/82 109/325/82
f 110/332/83 105/331/83 106/330/83 109/329/83
f 111/336/84 108/335/84 107/334/84 112/333/84
o cube
v -0.20276817427063965 0.09862691988764904 -0.015624999999999889
v -0.2027681742706396 0.09862691988764916 0.01562500000000011
v -0.1871580458084231 0.09794536696006562 -0.015624999999999889
v -0.18715804580842305 0.09794536696006584 0.01562500000000011
v -0.2014050684154728 0.12984717681208224 0.015625
v -0.20140506841547284 0.12984717681208213 -0.015625000000000056
v -0.1857949399532563 0.12916562388449893 0.015624999999999889
v -0.18579493995325636 0.1291656238844987 -0.015625000000000056
vt 0.8125 0.375
vt 0.84375 0.375
vt 0.84375 0.34375
vt 0.8125 0.34375
vt 0.6875 0.1875
vt 0.71875 0.1875
vt 0.71875 0.15625
vt 0.6875 0.15625
vt 0.8125 0.3125
vt 0.84375 0.3125
vt 0.84375 0.28125
vt 0.8125 0.28125
vt 0.75 0.1875
vt 0.78125 0.1875
vt 0.78125 0.15625
vt 0.75 0.15625
vt 0.84375 0.21875
vt 0.8125 0.21875
vt 0.8125 0.25
vt 0.84375 0.25
vt 0.84375 0.1875
vt 0.8125 0.1875
vt 0.8125 0.15625
vt 0.84375 0.15625
vn 1.6818024022610343e-15 5.169017796550625e-15 1
vn -0.04361938736533639 -0.9990482215818579 5.237457227425055e-15
vn -1.6818024022610343e-15 -5.169017796550625e-15 -1
vn 0.04361938736533639 0.9990482215818579 -5.237457227425055e-15
vn -0.9990482215818577 0.04361938736533621 1.4547323094649232e-15
vn 0.9990482215818577 -0.04361938736533621 -1.4547323094649232e-15
usemtl m_5720eadf-b099-158d-2dc3-f28702e56177
f 116/340/85 119/339/85 117/338/85 114/337/85
f 115/344/86 116/343/86 114/342/86 113/341/86
f 120/348/87 115/347/87 113/346/87 118/345/87
f 119/352/88 120/351/88 118/350/88 117/349/88
f 118/356/89 113/355/89 114/354/89 117/353/89
f 119/360/90 116/359/90 115/358/90 120/357/90
o cube
v -0.2183783027328562 0.09930847281523247 -0.015624999999999889
v -0.21837830273285613 0.09930847281523258 0.01562500000000011
v -0.20276817427063965 0.09862691988764904 -0.015624999999999889
v -0.2027681742706396 0.09862691988764916 0.01562500000000011
v -0.2176967498052727 0.11491860127744913 0.015625
v -0.21769674980527276 0.1149186012774489 -0.015624999999999944
v -0.20208662134305616 0.1142370483498657 0.015625
v -0.20208662134305622 0.11423704834986559 -0.015624999999999944
vt 0 0.125
vt 0.03125 0.125
vt 0.03125 0.09375
vt 0 0.09375
vt 0.875 1
vt 0.90625 1
vt 0.90625 0.96875
vt 0.875 0.96875
vt 0.0625 0.125
vt 0.09375 0.125
vt 0.09375 0.09375
vt 0.0625 0.09375
vt 0.875 0.9375
vt 0.90625 0.9375
vt 0.90625 0.90625
vt 0.875 0.90625
vt 0.15625 0.09375
vt 0.125 0.09375
vt 0.125 0.125
vt 0.15625 0.125
vt 0.90625 0.875
vt 0.875 0.875
vt 0.875 0.84375
vt 0.90625 0.84375
vn 1.6818024022610343e-15 5.169017796550625e-15 1
vn -0.04361938736533639 -0.9990482215818579 5.237457227425055e-15
vn -1.6818024022610343e-15 -5.169017796550625e-15 -1
vn 0.04361938736533639 0.9990482215818579 -5.237457227425055e-15
vn -0.9990482215818577 0.04361938736533621 1.4547323094649232e-15
vn 0.9990482215818577 -0.04361938736533621 -1.4547323094649232e-15
usemtl m_5720eadf-b099-158d-2dc3-f28702e56177
f 124/364/91 127/363/91 125/362/91 122/361/91
f 123/368/92 124/367/92 122/366/92 121/365/92
f 128/372/93 123/371/93 121/370/93 126/369/93
f 127/376/94 128/375/94 126/374/94 125/373/94
f 126/380/95 121/379/95 122/378/95 125/377/95
f 127/384/96 124/383/96 123/382/96 128/381/96