# Made in Blockbench 4.6.1
mtllib fbrawl_warrior_sword.mtl

o Elsa
v 0.07227324008863101 -0.05668677718643528 -0.014928575534633393
v 0.04249795185308447 -0.06607488950562568 -0.01629168138979975
v 0.1169092572025463 -0.19825413706312522 -0.014928575534633448
v 0.08713396896699976 -0.20764224938231562 -0.01629168138979975
v 0.041197934693348204 -0.0664847833416124 0.014928575534633337
v 0.07097322292889474 -0.057096671022421996 0.01629168138979964
v 0.0858339518072635 -0.2080521432183024 0.014928575534633337
v 0.11560924004281004 -0.198664030899112 0.01629168138979964
vt 0 0.5
vt 0.020833333333333332 0.5
vt 0.020833333333333332 0.34375
vt 0 0.34375
vt 0.041666666666666664 0.5
vt 0.0625 0.5
vt 0.0625 0.34375
vt 0.041666666666666664 0.34375
vt 0.08333333333333333 0.5
vt 0.10416666666666667 0.5
vt 0.10416666666666667 0.34375
vt 0.08333333333333333 0.34375
vt 0 0.3125
vt 0.020833333333333332 0.3125
vt 0.020833333333333332 0.15625
vt 0 0.15625
vt 0.14583333333333334 0.46875
vt 0.125 0.46875
vt 0.125 0.5
vt 0.14583333333333334 0.5
vt 0.0625 0.3125
vt 0.041666666666666664 0.3125
vt 0.041666666666666664 0.28125
vt 0.0625 0.28125
vn -0.9528092235374895 -0.3004195942140934 -0.04361938736532262
vn 0.04160054911156126 0.013116602751576067 -0.9990482215818585
vn 0.9528092235374895 0.3004195942140934 0.04361938736532262
vn -0.04160054911156126 -0.013116602751576067 0.9990482215818585
vn -0.3007057995042717 0.9537169507482275 1.2143064331837657e-16
vn 0.3007057995042717 -0.9537169507482275 -1.2143064331837657e-16
usemtl m_6c20c739-427f-7613-150e-b71ef95aea88
f 4/4/1 7/3/1 5/2/1 2/1/1
f 3/8/2 4/7/2 2/6/2 1/5/2
f 8/12/3 3/11/3 1/10/3 6/9/3
f 7/16/4 8/15/4 6/14/4 5/13/4
f 6/20/5 1/19/5 2/18/5 5/17/5
f 7/24/6 4/23/6 3/22/6 8/21/6
o Coso elsa
v 0.11758618102181762 -0.04239966178965793 -0.028494045214098818
v 0.10818912478730969 -0.012596007078775617 -0.028494045214098818
v -0.0015149719203694234 -0.07995211106641736 -0.033946468634767635
v -0.010912028154877351 -0.050148456355535054 -0.03394646863476758
v 0.10558909046783549 -0.013415794750749555 0.033946468634767246
v 0.11498614670234342 -0.043219449461631865 0.033946468634767246
v -0.01351206247435155 -0.05096824402750899 0.028494045214098485
v -0.004115006239843677 -0.0807718987383913 0.028494045214098485
vt 0.6666666666666666 1
vt 0.7083333333333334 1
vt 0.7083333333333334 0.875
vt 0.6666666666666666 0.875
vt 0.6666666666666666 0.875
vt 0.6875 0.875
vt 0.6875 0.75
vt 0.6666666666666666 0.75
vt 0.7083333333333334 1
vt 0.75 1
vt 0.75 0.875
vt 0.7083333333333334 0.875
vt 0.75 1
vt 0.7708333333333334 1
vt 0.7708333333333334 0.875
vt 0.75 0.875
vt 0.75 0.84375
vt 0.7083333333333334 0.84375
vt 0.7083333333333334 0.875
vt 0.75 0.875
vt 0.7916666666666666 0.875
vt 0.75 0.875
vt 0.75 0.84375
vt 0.7916666666666666 0.84375
vn -0.3007057995042532 0.9537169507482334 1.8041124150158794e-16
vn 0.041600549111587934 0.013116602751583635 -0.9990482215818571
vn 0.3007057995042532 -0.9537169507482334 -1.8041124150158794e-16
vn -0.041600549111587934 -0.013116602751583635 0.9990482215818571
vn 0.952809223537494 0.3004195942140747 0.04361938736535029
vn -0.952809223537494 -0.3004195942140747 -0.04361938736535029
usemtl m_6c20c739-427f-7613-150e-b71ef95aea88
f 12/28/7 15/27/7 13/26/7 10/25/7
f 11/32/8 12/31/8 10/30/8 9/29/8
f 16/36/9 11/35/9 9/34/9 14/33/9
f 15/40/10 16/39/10 14/38/10 13/37/10
f 14/44/11 9/43/11 10/42/11 13/41/11
f 15/48/12 12/47/12 11/46/12 16/45/12
o Lama 1
v 0.09265147208966795 -0.017495010156363955 -0.013565469679465869
v -0.01776393866580006 0.33269793269650294 -0.013565469679465814
v 0.0033256073830274513 -0.0456593471139336 -0.017654787244967496
v -0.1070898033724405 0.30453359573893324 -0.017654787244967385
v -0.019063955825537215 0.33228803886051594 0.017654787244967274
v 0.0913514549299308 -0.01790490399235095 0.017654787244967163
v -0.10838982053217766 0.30412370190294635 0.013565469679465592
v 0.0020255902232904077 -0.0460692409499206 0.013565469679465592
vt 0.7083333333333334 0.375
vt 0.71875 0.375
vt 0.71875 0.328125
vt 0.7083333333333334 0.328125
vt 0.6666666666666666 0.5
vt 0.7604166666666666 0.5
vt 0.7604166666666666 0.453125
vt 0.6666666666666666 0.453125
vt 0.7291666666666666 0.375
vt 0.7395833333333334 0.375
vt 0.7395833333333334 0.328125
vt 0.7291666666666666 0.328125
vt 0.6666666666666666 0.4375
vt 0.7604166666666666 0.4375
vt 0.7604166666666666 0.390625
vt 0.6666666666666666 0.390625
vt 0.6770833333333334 0.234375
vt 0.6666666666666666 0.234375
vt 0.6666666666666666 0.375
vt 0.6770833333333334 0.375
vt 0.6979166666666666 0.375
vt 0.6875 0.375
vt 0.6875 0.234375
vt 0.6979166666666666 0.234375
vn -0.3007057995042532 0.9537169507482334 1.8041124150158794e-16
vn 0.041600549111587934 0.013116602751583635 -0.9990482215818571
vn 0.3007057995042532 -0.9537169507482334 -1.8041124150158794e-16
vn -0.041600549111587934 -0.013116602751583635 0.9990482215818571
vn 0.952809223537494 0.3004195942140747 0.04361938736535029
vn -0.952809223537494 -0.3004195942140747 -0.04361938736535029
usemtl m_6c20c739-427f-7613-150e-b71ef95aea88
f 20/52/13 23/51/13 21/50/13 18/49/13
f 19/56/14 20/55/14 18/54/14 17/53/14
f 24/60/15 19/59/15 17/58/15 22/57/15
f 23/64/16 24/63/16 22/62/16 21/61/16
f 22/68/17 17/67/17 18/66/17 21/65/17
f 23/72/18 20/71/18 19/70/18 24/69/18
o Lama 2
v -0.025809635659646446 0.3061916441110726 -0.006441958375941137
v -0.05165154030454322 0.38815169456599885 -0.006441958375941137
v -0.08536021213074008 0.2874154194726928 -0.009168170086275573
v -0.11120211677563685 0.36937546992761905 -0.009168170086275573
v -0.05230154888441174 0.3879467476480054 0.009168170086275351
v -0.026459644239514968 0.30598669719307914 0.009168170086275351
v -0.11185212535550537 0.3691705230096256 0.00644195837594097
v -0.0860102207106086 0.28721047255469934 0.00644195837594097
vt 0.375 0.875
vt 0.3958333333333333 0.875
vt 0.3958333333333333 0.8125
vt 0.375 0.8125
vt 0.3333333333333333 1
vt 0.3958333333333333 1
vt 0.3958333333333333 0.9375
vt 0.3333333333333333 0.9375
vt 0.4166666666666667 0.875
vt 0.4375 0.875
vt 0.4375 0.8125
vt 0.4166666666666667 0.8125
vt 0.3333333333333333 0.9375
vt 0.3958333333333333 0.9375
vt 0.3958333333333333 0.875
vt 0.3333333333333333 0.875
vt 0.3541666666666667 0.78125
vt 0.3333333333333333 0.78125
vt 0.3333333333333333 0.875
vt 0.3541666666666667 0.875
vt 0.4375 1
vt 0.4166666666666667 1
vt 0.4166666666666667 0.90625
vt 0.4375 0.90625
vn -0.3007057995042532 0.9537169507482334 1.8041124150158794e-16
vn 0.041600549111587934 0.013116602751583635 -0.9990482215818571
vn 0.3007057995042532 -0.9537169507482334 -1.8041124150158794e-16
vn -0.041600549111587934 -0.013116602751583635 0.9990482215818571
vn 0.952809223537494 0.3004195942140747 0.04361938736535029
vn -0.952809223537494 -0.3004195942140747 -0.04361938736535029
usemtl m_6c20c739-427f-7613-150e-b71ef95aea88
f 28/76/19 31/75/19 29/74/19 26/73/19
f 27/80/20 28/79/20 26/78/20 25/77/20
f 32/84/21 27/83/21 25/82/21 30/81/21
f 31/88/22 32/87/22 30/86/22 29/85/22
f 30/92/23 25/91/23 26/90/23 29/89/23
f 31/96/24 28/95/24 27/94/24 32/93/24
o Coso Sotto
v 0.1298775472605347 -0.21218684525236836 -0.02313932451304912
v 0.12282975508465377 -0.18983410421920666 -0.023139324513049064
v 0.08521461490721438 -0.2262690137311532 -0.025183983295799905
v 0.07816682273133346 -0.2039162726979915 -0.025183983295799905
v 0.12087972934504809 -0.19044894497318715 0.02369106087360051
v 0.127927521520929 -0.21280168600634886 0.02369106087360051
v 0.07621679699172779 -0.20453111345197195 0.02164640209084967
v 0.0832645891676087 -0.22688385448513365 0.02164640209084967
vt 0.3333333333333333 0.5
vt 0.3541666666666667 0.5
vt 0.3541666666666667 0.4375
vt 0.3333333333333333 0.4375
vt 0.3333333333333333 0.4375
vt 0.3541666666666667 0.4375
vt 0.3541666666666667 0.375
vt 0.3333333333333333 0.375
vt 0.375 0.5
vt 0.3958333333333333 0.5
vt 0.3958333333333333 0.4375
vt 0.375 0.4375
vt 0.375 0.4375
vt 0.3958333333333333 0.4375
vt 0.3958333333333333 0.375
vt 0.375 0.375
vt 0.3541666666666667 0.34375
vt 0.3333333333333333 0.34375
vt 0.3333333333333333 0.375
vt 0.3541666666666667 0.375
vt 0.4375 0.5
vt 0.4166666666666667 0.5
vt 0.4166666666666667 0.46875
vt 0.4375 0.46875
vn -0.3007057995042532 0.9537169507482334 1.8041124150158794e-16
vn 0.041600549111587934 0.013116602751583635 -0.9990482215818571
vn 0.3007057995042532 -0.9537169507482334 -1.8041124150158794e-16
vn -0.041600549111587934 -0.013116602751583635 0.9990482215818571
vn 0.952809223537494 0.3004195942140747 0.04361938736535029
vn -0.952809223537494 -0.3004195942140747 -0.04361938736535029
usemtl m_6c20c739-427f-7613-150e-b71ef95aea88
f 36/100/25 39/99/25 37/98/25 34/97/25
f 35/104/26 36/103/26 34/102/26 33/101/26
f 40/108/27 35/107/27 33/106/27 38/105/27
f 39/112/28 40/111/28 38/110/28 37/109/28
f 38/116/29 33/115/29 34/114/29 37/113/29
f 39/120/30 36/119/30 35/118/30 40/117/30
o Coso lati
v 0.129510010595265 -0.03044845897618753 -0.013906246143257084
v 0.1248114824780111 -0.015546631620746376 -0.013906246143257084
v -0.019366430582468952 -0.07738902057213687 -0.02072177541909309
v -0.024064958699722916 -0.06248719321669571 -0.02072177541909309
v 0.12351146531827395 -0.015956525456733373 0.017314010781176004
v 0.12820999343552786 -0.030858352812174528 0.017314010781176004
v -0.025364975859460015 -0.06289708705268265 0.01049848150533994
v -0.02066644774220605 -0.07779891440812381 0.01049848150533994
vt 0.6666666666666666 1
vt 0.7083333333333334 1
vt 0.7083333333333334 0.875
vt 0.6666666666666666 0.875
vt 0.6666666666666666 0.875
vt 0.6875 0.875
vt 0.6875 0.75
vt 0.6666666666666666 0.75
vt 0.7083333333333334 1
vt 0.75 1
vt 0.75 0.875
vt 0.7083333333333334 0.875
vt 0.75 1
vt 0.7708333333333334 1
vt 0.7708333333333334 0.875
vt 0.75 0.875
vt 0.75 0.84375
vt 0.7083333333333334 0.84375
vt 0.7083333333333334 0.875
vt 0.75 0.875
vt 0.7916666666666666 0.875
vt 0.75 0.875
vt 0.75 0.84375
vt 0.7916666666666666 0.84375
vn -0.3007057995042532 0.9537169507482334 1.8041124150158794e-16
vn 0.041600549111587934 0.013116602751583635 -0.9990482215818571
vn 0.3007057995042532 -0.9537169507482334 -1.8041124150158794e-16
vn -0.041600549111587934 -0.013116602751583635 0.9990482215818571
vn 0.952809223537494 0.3004195942140747 0.04361938736535029
vn -0.952809223537494 -0.3004195942140747 -0.04361938736535029
usemtl m_6c20c739-427f-7613-150e-b71ef95aea88
f 44/124/31 47/123/31 45/122/31 42/121/31
f 43/128/32 44/127/32 42/126/32 41/125/32
f 48/132/33 43/131/33 41/130/33 46/129/33
f 47/136/34 48/135/34 46/134/34 45/133/34
f 46/140/35 41/139/35 42/138/35 45/137/35
f 47/144/36 44/143/36 43/142/36 48/141/36