# Made in Blockbench 4.6.4
mtllib fbrawl_book_pedestal.mtl

o Base
v 0.24249999999999994 -0.29000000000000004 0.19499999999999984
v 0.24249999999999994 -0.29000000000000004 -0.21875000000000022
v 0.24249999999999994 -0.355 0.19499999999999984
v 0.24249999999999994 -0.355 -0.21875000000000022
v -0.18375000000000008 -0.29000000000000004 -0.21875000000000022
v -0.18375000000000008 -0.29000000000000004 0.19499999999999984
v -0.18375000000000008 -0.355 -0.21875000000000022
v -0.18375000000000008 -0.355 0.19499999999999984
vt 0.0625 0.5
vt 0.125 0.5
vt 0.125 0.46875
vt 0.0625 0.46875
vt 0.0625 0.46875
vt 0.125 0.46875
vt 0.125 0.4375
vt 0.0625 0.4375
vt 0.0625 0.4375
vt 0.125 0.4375
vt 0.125 0.40625
vt 0.0625 0.40625
vt 0.0625 0.40625
vt 0.125 0.40625
vt 0.125 0.375
vt 0.0625 0.375
vt 0.0625 0.40625
vt 0 0.40625
vt 0 0.5
vt 0.0625 0.5
vt 0.0625 0.40625
vt 0 0.40625
vt 0 0.3125
vt 0.0625 0.3125
vn 0 0 -1
vn 1 0 0
vn 0 0 1
vn -1 0 0
vn 0 1 0
vn 0 -1 0
usemtl m_64920fed-c31e-fd6d-4b62-28f56bc62a24
f 4/4/1 7/3/1 5/2/1 2/1/1
f 3/8/2 4/7/2 2/6/2 1/5/2
f 8/12/3 3/11/3 1/10/3 6/9/3
f 7/16/4 8/15/4 6/14/4 5/13/4
f 6/20/5 1/19/5 2/18/5 5/17/5
f 7/24/6 4/23/6 3/22/6 8/21/6
o Colonna
v 0.15249999999999997 0.13499999999999968 0.11249999999999993
v 0.15249999999999997 0.13499999999999968 -0.12750000000000006
v 0.15249999999999997 -0.355 0.11249999999999993
v 0.15249999999999997 -0.355 -0.12750000000000006
v -0.08750000000000002 0.13499999999999968 -0.12750000000000006
v -0.08750000000000002 0.13499999999999968 0.11249999999999993
v -0.08750000000000002 -0.355 -0.12750000000000006
v -0.08750000000000002 -0.355 0.11249999999999993
vt 0.6666666666666666 1
vt 0.7083333333333334 1
vt 0.7083333333333334 0.875
vt 0.6666666666666666 0.875
vt 0.7083333333333334 1
vt 0.75 1
vt 0.75 0.875
vt 0.7083333333333334 0.875
vt 0.6666666666666666 0.875
vt 0.7083333333333334 0.875
vt 0.7083333333333334 0.75
vt 0.6666666666666666 0.75
vt 0.75 1
vt 0.7916666666666666 1
vt 0.7916666666666666 0.875
vt 0.75 0.875
vt 0.75 0.8125
vt 0.7083333333333334 0.8125
vt 0.7083333333333334 0.875
vt 0.75 0.875
vt 0.7916666666666666 0.875
vt 0.75 0.875
vt 0.75 0.8125
vt 0.7916666666666666 0.8125
vn 0 0 -1
vn 1 0 0
vn 0 0 1
vn -1 0 0
vn 0 1 0
vn 0 -1 0
usemtl m_64920fed-c31e-fd6d-4b62-28f56bc62a24
f 12/28/7 15/27/7 13/26/7 10/25/7
f 11/32/8 12/31/8 10/30/8 9/29/8
f 16/36/9 11/35/9 9/34/9 14/33/9
f 15/40/10 16/39/10 14/38/10 13/37/10
f 14/44/11 9/43/11 10/42/11 13/41/11
f 15/48/12 12/47/12 11/46/12 16/45/12
o Poggia libro
v 0.27225626809659653 0.08579819027622071 0.2643749999999999
v 0.27225626809659653 0.08579819027622071 -0.2918750000000002
v 0.23590134202191293 -0.001970365312351452 0.2643749999999999
v 0.23590134202191293 -0.001970365312351452 -0.2918750000000002
v -0.17120590750882114 0.26948623781146375 -0.2918750000000002
v -0.17120590750882114 0.26948623781146375 0.2643749999999999
v -0.20756083358350463 0.18171768222289164 -0.2918750000000002
v -0.20756083358350463 0.18171768222289164 0.2643749999999999
vt 0.3333333333333333 0.34375
vt 0.3958333333333333 0.34375
vt 0.3958333333333333 0.3125
vt 0.3333333333333333 0.3125
vt 0.3333333333333333 0.375
vt 0.4166666666666667 0.375
vt 0.4166666666666667 0.34375
vt 0.3333333333333333 0.34375
vt 0.3958333333333333 0.34375
vt 0.4583333333333333 0.34375
vt 0.4583333333333333 0.3125
vt 0.3958333333333333 0.3125
vt 0.4166666666666667 0.375
vt 0.5 0.375
vt 0.5 0.34375
vt 0.4166666666666667 0.34375
vt 0.3958333333333333 0.375
vt 0.3333333333333333 0.375
vt 0.3333333333333333 0.5
vt 0.3958333333333333 0.5
vt 0.4583333333333333 0.5
vt 0.3958333333333333 0.5
vt 0.3958333333333333 0.375
vt 0.4583333333333333 0.375
vn 0 0 -1
vn 0.9238795325112867 -0.3826834323650897 0
vn 0 0 1
vn -0.9238795325112867 0.3826834323650897 0
vn 0.3826834323650897 0.9238795325112867 0
vn -0.3826834323650897 -0.9238795325112867 0
usemtl m_64920fed-c31e-fd6d-4b62-28f56bc62a24
f 20/52/13 23/51/13 21/50/13 18/49/13
f 19/56/14 20/55/14 18/54/14 17/53/14
f 24/60/15 19/59/15 17/58/15 22/57/15
f 23/64/16 24/63/16 22/62/16 21/61/16
f 22/68/17 17/67/17 18/66/17 21/65/17
f 23/72/18 20/71/18 19/70/18 24/69/18
o Pagina sx
v 0.24023150362994583 0.20813991411236465 0.22834698763448102
v 0.22328617206329726 0.16723026482525283 -0.022778989383631987
v 0.2195036750171102 0.15809850915671175 0.23789763740616232
v 0.20255834345046164 0.11718885986959982 -0.013228339611950746
v -0.09545226665309664 0.2992560489912086 -0.022778989383631987
v -0.07850693508644807 0.34016569827832055 0.22834698763448102
v -0.11618009526593226 0.2492146440355557 -0.013228339611950746
v -0.09923476369928369 0.29012429332266765 0.23789763740616232
vt 0.125 1
vt 0.25 1
vt 0.25 0.96875
vt 0.125 0.96875
vt 0.125 0.9375
vt 0.20833333333333334 0.9375
vt 0.20833333333333334 0.90625
vt 0.125 0.90625
vt 0.125 0.96875
vt 0.25 0.96875
vt 0.25 0.9375
vt 0.125 0.9375
vt 0.125 0.90625
vt 0.20833333333333334 0.90625
vt 0.20833333333333334 0.875
vt 0.125 0.875
vt 0.125 0.875
vt 0 0.875
vt 0 1
vt 0.125 1
vt 0.125 0.875
vt 0 0.875
vt 0 0.75
vt 0.125 0.75
vn -0.06645228065352377 -0.1604299972043605 -0.9848077530122082
vn 0.9238795325112868 -0.38268343236508945 2.7755575615628914e-17
vn 0.06645228065352377 0.1604299972043605 0.9848077530122082
vn -0.9238795325112868 0.38268343236508945 -2.7755575615628914e-17
vn 0.3768696111424632 0.9098437264664098 -0.17364817766693036
vn -0.3768696111424632 -0.9098437264664098 0.17364817766693036
usemtl m_64920fed-c31e-fd6d-4b62-28f56bc62a24
f 28/76/19 31/75/19 29/74/19 26/73/19
f 27/80/20 28/79/20 26/78/20 25/77/20
f 32/84/21 27/83/21 25/82/21 30/81/21
f 31/88/22 32/87/22 30/86/22 29/85/22
f 30/92/23 25/91/23 26/90/23 29/89/23
f 31/96/24 28/95/24 27/94/24 32/93/24
o Pagina dx
v 0.22295851097161712 0.16643922097385655 -0.005983590180265397
v 0.2399038425382657 0.2073488702609685 -0.2571095671983785
v 0.2022306823587815 0.11639781601820354 -0.015534239951946582
v 0.21917601392543007 0.15730746530531547 -0.2666602169700597
v -0.07883459617812827 0.33937465442692427 -0.25710956719837846
v -0.09577992774477684 0.29846500513981233 -0.005983590180265397
v -0.09956242479096389 0.2893332494712715 -0.2666602169700597
v -0.11650775635761246 0.24842360018415943 -0.015534239951946582
vt 0.4583333333333333 1
vt 0.5833333333333334 1
vt 0.5833333333333334 0.96875
vt 0.4583333333333333 0.96875
vt 0.4583333333333333 0.9375
vt 0.5416666666666666 0.9375
vt 0.5416666666666666 0.90625
vt 0.4583333333333333 0.90625
vt 0.4583333333333333 0.96875
vt 0.5833333333333334 0.96875
vt 0.5833333333333334 0.9375
vt 0.4583333333333333 0.9375
vt 0.4583333333333333 0.90625
vt 0.5416666666666666 0.90625
vt 0.5416666666666666 0.875
vt 0.4583333333333333 0.875
vt 0.4583333333333333 0.875
vt 0.3333333333333333 0.875
vt 0.3333333333333333 1
vt 0.4583333333333333 1
vt 0.4583333333333333 0.875
vt 0.3333333333333333 0.875
vt 0.3333333333333333 0.75
vt 0.4583333333333333 0.75
vn 0.06645228065352377 0.1604299972043605 -0.9848077530122082
vn 0.9238795325112868 -0.38268343236508945 -2.7755575615628914e-17
vn -0.06645228065352377 -0.1604299972043605 0.9848077530122082
vn -0.9238795325112868 0.38268343236508945 2.7755575615628914e-17
vn 0.3768696111424632 0.9098437264664098 0.17364817766693036
vn -0.3768696111424632 -0.9098437264664098 -0.17364817766693036
usemtl m_64920fed-c31e-fd6d-4b62-28f56bc62a24
f 36/100/25 39/99/25 37/98/25 34/97/25
f 35/104/26 36/103/26 34/102/26 33/101/26
f 40/108/27 35/107/27 33/106/27 38/105/27
f 39/112/28 40/111/28 38/110/28 37/109/28
f 38/116/29 33/115/29 34/114/29 37/113/29
f 39/120/30 36/119/30 35/118/30 40/117/30
o Pagina sx
v 0.24023150362994583 0.20813991411236465 0.22834698763448102
v 0.22328617206329726 0.16723026482525283 -0.022778989383631987
v 0.2195036750171102 0.15809850915671175 0.23789763740616232
v 0.20255834345046164 0.11718885986959982 -0.013228339611950746
v -0.09545226665309664 0.2992560489912086 -0.022778989383631987
v -0.07850693508644807 0.34016569827832055 0.22834698763448102
v -0.11618009526593226 0.2492146440355557 -0.013228339611950746
v -0.09923476369928369 0.29012429332266765 0.23789763740616232
vt 0.125 1
vt 0.25 1
vt 0.25 0.96875
vt 0.125 0.96875
vt 0.125 0.9375
vt 0.20833333333333334 0.9375
vt 0.20833333333333334 0.90625
vt 0.125 0.90625
vt 0.125 0.96875
vt 0.25 0.96875
vt 0.25 0.9375
vt 0.125 0.9375
vt 0.125 0.90625
vt 0.20833333333333334 0.90625
vt 0.20833333333333334 0.875
vt 0.125 0.875
vt 0.125 0.875
vt 0 0.875
vt 0 1
vt 0.125 1
vt 0.125 0.875
vt 0 0.875
vt 0 0.75
vt 0.125 0.75
vn -0.06645228065352377 -0.1604299972043605 -0.9848077530122082
vn 0.9238795325112868 -0.38268343236508945 2.7755575615628914e-17
vn 0.06645228065352377 0.1604299972043605 0.9848077530122082
vn -0.9238795325112868 0.38268343236508945 -2.7755575615628914e-17
vn 0.3768696111424632 0.9098437264664098 -0.17364817766693036
vn -0.3768696111424632 -0.9098437264664098 0.17364817766693036
usemtl m_64920fed-c31e-fd6d-4b62-28f56bc62a24
f 44/124/31 47/123/31 45/122/31 42/121/31
f 43/128/32 44/127/32 42/126/32 41/125/32
f 48/132/33 43/131/33 41/130/33 46/129/33
f 47/136/34 48/135/34 46/134/34 45/133/34
f 46/140/35 41/139/35 42/138/35 45/137/35
f 47/144/36 44/143/36 43/142/36 48/141/36